0.000000000000000000e+00
0.000000000000000000e+00
0.000000000000000000e+00
0.000000000000000000e+00
0.000000000000000000e+00
0.000000000000000000e+00
0.000000000000000000e+00
0.000000000000000000e+00
0.000000000000000000e+00
0.000000000000000000e+00
0.000000000000000000e+00
0.000000000000000000e+00
0.000000000000000000e+00
0.000000000000000000e+00
0.000000000000000000e+00
0.000000000000000000e+00
0.000000000000000000e+00
0.000000000000000000e+00
0.000000000000000000e+00
0.000000000000000000e+00
0.000000000000000000e+00
0.000000000000000000e+00
0.000000000000000000e+00
0.000000000000000000e+00
0.000000000000000000e+00
0.000000000000000000e+00
0.000000000000000000e+00
0.000000000000000000e+00
0.000000000000000000e+00
0.000000000000000000e+00
0.000000000000000000e+00
0.000000000000000000e+00
0.000000000000000000e+00
0.000000000000000000e+00
0.000000000000000000e+00
0.000000000000000000e+00
0.000000000000000000e+00
0.000000000000000000e+00
0.000000000000000000e+00
0.000000000000000000e+00
0.000000000000000000e+00
0.000000000000000000e+00
0.000000000000000000e+00
0.000000000000000000e+00
0.000000000000000000e+00
0.000000000000000000e+00
1.330882352941176450e+01
2.506153846153846132e+01
2.701492537313432862e+01
3.511940298507462899e+01
4.176923076923076650e+01
5.589705882352940591e+01
5.090625000000000000e+01
5.688571428571428612e+01
6.557971014492753170e+01
7.290277777777777146e+01
7.093243243243243512e+01
7.287012987012987253e+01
7.240000000000000568e+01
8.304705882352941160e+01
9.050000000000000000e+01
9.348351648351648180e+01
9.653333333333333144e+01
9.452222222222222570e+01
9.761797752808988093e+01
1.115465116279069804e+02
1.179550561797752692e+02
1.238421052631578902e+02
1.251775700934579447e+02
1.250545454545454618e+02
1.135084745762711833e+02
1.181101694915254114e+02
1.191951219512195053e+02
1.258515625000000000e+02
1.426060606060605949e+02
1.510601503759398554e+02
1.482101449275362484e+02
1.591048387096774093e+02
1.557786885245901658e+02
1.553358208955224029e+02
1.570441176470588118e+02
1.555259259259259181e+02
1.513046875000000000e+02
1.401729323308270523e+02
1.354244604316546656e+02
1.059185185185185247e+02
9.624603174603174693e+01
9.130088495575220975e+01
7.572448979591835894e+01
4.525000000000000000e+01
2.661764705882352811e+00
0.000000000000000000e+00
0.000000000000000000e+00
0.000000000000000000e+00
0.000000000000000000e+00
0.000000000000000000e+00
0.000000000000000000e+00
0.000000000000000000e+00
0.000000000000000000e+00
0.000000000000000000e+00
0.000000000000000000e+00
0.000000000000000000e+00
0.000000000000000000e+00
0.000000000000000000e+00
0.000000000000000000e+00
0.000000000000000000e+00
0.000000000000000000e+00
0.000000000000000000e+00
0.000000000000000000e+00
0.000000000000000000e+00
0.000000000000000000e+00
0.000000000000000000e+00
0.000000000000000000e+00
0.000000000000000000e+00
0.000000000000000000e+00
0.000000000000000000e+00
0.000000000000000000e+00
0.000000000000000000e+00
0.000000000000000000e+00
0.000000000000000000e+00
0.000000000000000000e+00
0.000000000000000000e+00
0.000000000000000000e+00
0.000000000000000000e+00
0.000000000000000000e+00
0.000000000000000000e+00
0.000000000000000000e+00
0.000000000000000000e+00
0.000000000000000000e+00
0.000000000000000000e+00
0.000000000000000000e+00
0.000000000000000000e+00
0.000000000000000000e+00
0.000000000000000000e+00
0.000000000000000000e+00
0.000000000000000000e+00
